007 001 2018/12/19 01 00008 0001 1 1 010101   0011000015           2000110000158                                   1   1       0          1.00        500.00        500.00         500          0.00                   0           0           0           0 083          37 000          0.00          0.00           0         463 1 0 0 9 1 1 0 0 000 リフト券売上　i･JTBローソン
007 001 2018/12/19 52 00009 0001 1            00                                                                   1   1       0          1.00      1,900.00      1,900.00       1,900          0.00                   0           0           0           0 000           0 000          0.00          0.00           0           0 0 0 0 9 1 1 1 0 000
007 001 2018/12/19 56 00011 0001 1 1 01       59                                                                   6   1       0          6.00     10,000.00          0.00      60,000          0.00                   0           0           0           0 000           0 000          0.00          0.00           0           0 0 0 0 9 1 1 1 0 000
007 001 2018/12/19 56 00011 0002 1 1 01       65                                                                   2   1       0          2.00      5,000.00          0.00      10,000          0.00                   0           0           0           0 000           0 000          0.00          0.00           0           0 0 0 0 9 1 1 1 0 000
007 001 2018/12/19 56 00011 0003 1 1 01       69                                                                   1   1       0          1.00      1,000.00          0.00       1,000          0.00                   0           0           0           0 000           0 000          0.00          0.00           0           0 0 0 0 9 1 1 1 0 000
007 001 2018/12/19 56 00011 0004 1 1 01       75                                                                   2   1       0          2.00        500.00          0.00       1,000          0.00                   0           0           0           0 000           0 000          0.00          0.00           0           0 0 0 0 9 1 1 1 0 000
007 001 2018/12/19 56 00011 0005 1 1 01       79                                                                  19   1       0         19.00        100.00          0.00       1,900          0.00                   0           0           0           0 000           0 000          0.00          0.00           0           0 0 0 0 9 1 1 1 0 000
007 001 2018/12/19 56 00011 0006 1 1 01       85                                                                  22   1       0         22.00         50.00          0.00       1,100          0.00                   0           0           0           0 000           0 000          0.00          0.00           0           0 0 0 0 9 1 1 1 0 000
007 001 2018/12/19 56 00011 0007 1 1 01       89                                                                  46   1       0         46.00         10.00          0.00         460          0.00                   0           0           0           0 000           0 000          0.00          0.00           0           0 0 0 0 9 1 1 1 0 000
007 001 2018/12/19 56 00011 0008 1 1 01       95                                                                   7   1       0          7.00          5.00          0.00          35          0.00                   0           0           0           0 000           0 000          0.00          0.00           0           0 0 0 0 9 1 1 1 0 000
007 001 2018/12/19 56 00011 0009 1 1 01       99                                                                  15   1       0         15.00          1.00          0.00          15          0.00                   0           0           0           0 000           0 000          0.00          0.00           0           0 0 0 0 9 1 1 1 0 000
007 001 2018/12/19 59 00012 0001 1 1 01       59                                                                   6   1       0          6.00     10,000.00          0.00      60,000          0.00                   0           0           0           0 000           0 000          0.00          0.00           0           0 0 0 0 9 1 1 1 0 000
007 001 2018/12/19 59 00012 0002 1 1 01       65                                                                   2   1       0          2.00      5,000.00          0.00      10,000          0.00                   0           0           0           0 000           0 000          0.00          0.00           0           0 0 0 0 9 1 1 1 0 000
007 001 2018/12/19 59 00012 0003 1 1 01       69                                                                   1   1       0          1.00      1,000.00          0.00       1,000          0.00                   0           0           0           0 000           0 000          0.00          0.00           0           0 0 0 0 9 1 1 1 0 000
007 001 2018/12/19 59 00012 0004 1 1 01       75                                                                   2   1       0          2.00        500.00          0.00       1,000          0.00                   0           0           0           0 000           0 000          0.00          0.00           0           0 0 0 0 9 1 1 1 0 000
007 001 2018/12/19 59 00012 0005 1 1 01       79                                                                  19   1       0         19.00        100.00          0.00       1,900          0.00                   0           0           0           0 000           0 000          0.00          0.00           0           0 0 0 0 9 1 1 1 0 000
007 001 2018/12/19 59 00012 0006 1 1 01       85                                                                  22   1       0         22.00         50.00          0.00       1,100          0.00                   0           0           0           0 000           0 000          0.00          0.00           0           0 0 0 0 9 1 1 1 0 000
007 001 2018/12/19 59 00012 0007 1 1 01       89                                                                  46   1       0         46.00         10.00          0.00         460          0.00                   0           0           0           0 000           0 000          0.00          0.00           0           0 0 0 0 9 1 1 1 0 000
007 001 2018/12/19 59 00012 0008 1 1 01       95                                                                   7   1       0          7.00          5.00          0.00          35          0.00                   0           0           0           0 000           0 000          0.00          0.00           0           0 0 0 0 9 1 1 1 0 000
007 001 2018/12/19 59 00012 0009 1 1 01       99                                                                  15   1       0         15.00          1.00          0.00          15          0.00                   0           0           0           0 000           0 000          0.00          0.00           0           0 0 0 0 9 1 1 1 0 000
007 001 2018/12/20 01 00003 0001 2 1 010203   0014000003           2000140000036                                   1   1       0          1.00      1,980.00      1,980.00       1,980          0.00                   0           0           0           0 083         147 000          0.00          0.00           0       1,833 1 0 0 9 1 1 0 0 000 賃貸管理料
007 001 2018/12/20 01 00003 0001 1 1 010203   0014000003           2000140000036                                   1   1       0          1.00      1,980.00      1,980.00       1,980          0.00                   0           0           0           0 083         147 000          0.00          0.00           0       1,833 1 0 0 9 1 1 0 0 000 賃貸管理料
007 001 2018/12/20 01 00004 0001 1 1 010301   0011500047           2000115000474                                   1   1       0          1.00      2,900.00      2,900.00       2,900          0.00                   0           0           0           0 083         215 000      2,900.00          0.00           0       2,685 0 0 0 9 0 0 0 0 000 ７回枚セット１００円引き
007 001 2018/12/20 01 00009 0001 1 1 010203   0014000003           2000140000036                                   1   1       0          1.00      1,980.00      1,980.00       1,900        -80.00                   0         -80           0           0 083         141 000          0.00          0.00           0       1,759 1 0 0 9 1 1 0 0 000 賃貸管理料
007 001 2018/12/20 51 00015 0001 1            00                                                                   1   1       0          1.00      1,000.00      1,000.00       1,000          0.00                   0           0           0           0 000           0 000          0.00          0.00           0           0 0 0 0 9 1 1 1 0 000
007 001 2018/12/20 51 00017 0001 1            00                                                                   1   1       0          1.00        900.00        900.00         900          0.00                   0           0           0           0 000           0 000          0.00          0.00           0           0 0 0 0 9 1 1 1 0 000
007 001 2018/12/20 52 00016 0001 1            00                                                                   1   1       0          1.00      1,000.00      1,000.00       1,000          0.00                   0           0           0           0 000           0 000          0.00          0.00           0           0 0 0 0 9 1 1 1 0 000
007 001 2018/12/20 59 00018 0001 2 1 01       59                                                                   9   1       0          9.00     10,000.00          0.00      90,000          0.00                   0           0           0           0 000           0 000          0.00          0.00           0           0 0 0 0 9 1 1 1 0 000
007 001 2018/12/20 59 00018 0002 2 1 01       65                                                                   1   1       0          1.00      5,000.00          0.00       5,000          0.00                   0           0           0           0 000           0 000          0.00          0.00           0           0 0 0 0 9 1 1 1 0 000
007 001 2018/12/20 59 00018 0003 2 1 01       79                                                                   7   1       0          7.00        100.00          0.00         700          0.00                   0           0           0           0 000           0 000          0.00          0.00           0           0 0 0 0 9 1 1 1 0 000
007 001 2018/12/20 59 00018 0001 1 1 01       59                                                                   9   1       0          9.00     10,000.00          0.00      90,000          0.00                   0           0           0           0 000           0 000          0.00          0.00           0           0 0 0 0 9 1 1 1 0 000
007 001 2018/12/20 59 00018 0002 1 1 01       65                                                                   1   1       0          1.00      5,000.00          0.00       5,000          0.00                   0           0           0           0 000           0 000          0.00          0.00           0           0 0 0 0 9 1 1 1 0 000
007 001 2018/12/20 59 00018 0003 1 1 01       79                                                                   7   1       0          7.00        100.00          0.00         700          0.00                   0           0           0           0 000           0 000          0.00          0.00           0           0 0 0 0 9 1 1 1 0 000
007 001 2018/12/20 59 00019 0001 1 1 01       59                                                                   9   1       0          9.00     10,000.00          0.00      90,000          0.00                   0           0           0           0 000           0 000          0.00          0.00           0           0 0 0 0 9 1 1 1 0 000
007 001 2018/12/20 59 00019 0002 1 1 01       65                                                                   1   1       0          1.00      5,000.00          0.00       5,000          0.00                   0           0           0           0 000           0 000          0.00          0.00           0           0 0 0 0 9 1 1 1 0 000
007 001 2018/12/20 59 00019 0003 1 1 01       79                                                                   7   1       0          7.00        100.00          0.00         700          0.00                   0           0           0           0 000           0 000          0.00          0.00           0           0 0 0 0 9 1 1 1 0 000
007 001 2018/12/20 59 00019 0004 1 1 01       89                                                                  50   1       0         50.00         10.00          0.00         500          0.00                   0           0           0           0 000           0 000          0.00          0.00           0           0 0 0 0 9 1 1 1 0 000
007 001 2018/12/22 01 00009 0001 1 1 010101   0000006556           2000000065564                                   1   1       0          1.00      4,400.00      4,400.00       4,400          0.00                   0           0           0           0 083         326 000      4,400.00          0.00           0       4,074 0 0 0 9 1 1 0 0 000 500引　1日大人
007 001 2018/12/22 59 00007 0001 2 1 01       59                                                                   1   1       0          1.00     10,000.00          0.00      10,000          0.00                   0           0           0           0 000           0 000          0.00          0.00           0           0 0 0 0 9 1 1 1 0 000
007 001 2018/12/22 59 00007 0001 1 1 01       59                                                                   1   1       0          1.00     10,000.00          0.00      10,000          0.00                   0           0           0           0 000           0 000          0.00          0.00           0           0 0 0 0 9 1 1 1 0 000
007 001 2018/12/22 59 00008 0001 2 1 01       59                                                                   1   1       0          1.00     10,000.00          0.00      10,000          0.00                   0           0           0           0 000           0 000          0.00          0.00           0           0 0 0 0 9 1 1 1 0 000
007 001 2018/12/22 59 00008 0002 2 1 05       00                                                                   1   1       0          1.00          0.00          0.00      90,000          0.00                   0           0           0           0 000           0 000          0.00          0.00           0           0 0 0 0 9 1 1 1 0 000
007 001 2018/12/22 59 00008 0001 1 1 01       59                                                                   1   1       0          1.00     10,000.00          0.00      10,000          0.00                   0           0           0           0 000           0 000          0.00          0.00           0           0 0 0 0 9 1 1 1 0 000
007 001 2018/12/22 59 00008 0002 1 1 05       00                                                                   1   1       0          1.00          0.00          0.00      90,000          0.00                   0           0           0           0 000           0 000          0.00          0.00           0           0 0 0 0 9 1 1 1 0 000
007 001 2018/12/22 59 00010 0001 1 1 01       59                                                                   1   1       0          1.00     10,000.00          0.00      10,000          0.00                   0           0           0           0 000           0 000          0.00          0.00           0           0 0 0 0 9 1 1 1 0 000
007 001 2018/12/23 01 00004 0001 1 1 010101   0011000001           2000110000011                                   1   1       0          1.00      3,000.00      3,000.00       3,000          0.00                   0           0           0           0 083         222 000          0.00          0.00           0       2,778 1 0 0 9 0 0 0 0 000 リフト券売上　現金
007 001 2018/12/24 01 00004 0001 1 1 010101   0000006556           2000000065564                                   1   1       0          1.00      4,400.00      4,400.00       4,400          0.00                   0           0           0           0 083         326 000      4,400.00          0.00           0       4,074 0 0 0 9 1 1 0 0 000 500引　1日大人
007 001 2018/12/24 01 00012 0001 1 1 06020101 0060060001           2000600600011                                   1   1       0          1.00      1,100.00      1,100.00       1,100          0.00                   0           0           0           0 083          81 000      1,100.00        270.00         270         749 0 0 0 9 0 0 0 0 000 ｶﾂｶﾚｰ
007 001 2018/12/24 51 00011 0001 1            01                                                                   1   1       0          1.00      5,000.00      5,000.00       5,000          0.00                   0           0           0           0 000           0 000          0.00          0.00           0           0 0 0 0 9 1 1 1 0 000 ｻﾞﾂｼｭｳﾆｭｳ
007 001 2018/12/25 01 00002 0001 1 1 010101   0000006556           2000000065564                                   1   1       0          1.00      4,400.00      4,400.00       4,400          0.00                   0           0           0           0 083         326 000      4,400.00          0.00           0       4,074 0 0 0 9 1 1 0 0 000 500引　1日大人
007 001 2018/12/25 01 00003 0001 1 1 010301   0011500044           2000115000443                                   1   1       0          1.00        500.00        500.00         500          0.00                   0           0           0           0 083          37 000        500.00          0.00           0         463 0 0 0 9 0 0 0 0 000 １回券
007 001 2018/12/25 01 00003 0002 1 1 010301   0011500046           2000115000467                                   1   1       0          1.00      3,000.00      3,000.00       3,000          0.00                   0           0           0           0 083         222 000      3,000.00          0.00           0       2,778 0 0 0 9 0 0 0 0 000 ７回枚セット
007 001 2018/12/25 01 00004 0001 1 1 030101   0031000010           2000310000101                                   1   1       0          1.00          0.00          0.00           0          0.00                   0           0           0           0 083           0 000          0.00          0.00           0           0 0 0 0 9 1 1 0 0 000 カード
007 001 2018/12/25 01 00004 0002 1 1 06020101 0060060012           2000600600127                                   1   1       0          1.00      1,000.00      1,000.00       1,000          0.00                   0           0           0           0 083          74 000      1,000.00        250.00         250         676 0 0 0 9 0 0 0 0 000 田舎ﾗｰﾒﾝ
007 001 2018/12/25 01 00004 0003 1 1 06020101 0060060033           2000600600332                                   1   1       0          1.00      1,200.00      1,200.00       1,200          0.00                   0           0           0           0 083          89 000      1,200.00        400.00         400         711 0 0 0 9 0 0 0 0 000 炭火焼鳥ﾓﾓﾊﾗﾐ丼
007 001 2018/12/25 01 00005 0001 1 1 06020101 0060060001           2000600600011                                   3   1       0          3.00      1,100.00      1,100.00       2,400       -300.00                   0        -900           0           0 083         178 000      1,100.00        270.00         810       1,412 0 0 0 9 0 0 0 0 000 ｶﾂｶﾚｰ
007 001 2018/12/25 01 00006 0001 1 1 010301   0011500044           2000115000443                                   1   1       0          1.00        500.00        500.00         550         50.00   10.00           0          50           0           0 083          41 000        500.00          0.00           0         509 0 0 0 9 0 0 0 0 000 １回券
007 001 2018/12/25 01 00007 0001 1 1 03010101 9903010101           2099030101014                                   1   1       0          1.00          0.00          0.00           0          0.00                   0           0           0           0 083           0 000          0.00          0.00           0           0 0 0 0 9 1 1 1 0 000 シャレー宿泊
007 001 2018/12/25 01 00007 0002 1 1 010301   0011500046           2000115000467                                   1   1       0          1.00      3,000.00      3,000.00       3,000          0.00                   0           0           0           0 083         222 000      3,000.00          0.00           0       2,778 0 0 0 9 0 0 0 0 000 ７回枚セット
007 001 2018/12/28 01 00002 0001 2 1 010202   0014000002           2000140000029                                   1   1       0          1.00      1,000.00      1,000.00       1,000          0.00                   0           0           0           0 083          74 000          0.00          0.00           0         926 1 0 0 9 1 1 0 0 000 除雪請負
007 001 2018/12/28 01 00002 0001 1 1 010202   0014000002           2000140000029                                   1   1       0          1.00      1,000.00      1,000.00       1,000          0.00                   0           0           0           0 083          74 000          0.00          0.00           0         926 1 0 0 9 1 1 0 0 000 除雪請負
007 001 2018/12/28 01 00003 0001 2 1 010202   0014000002           2000140000029                                   1   1       0          1.00      1,000.00      1,000.00       1,000          0.00                   0           0           0           0 083          74 000          0.00          0.00           0         926 1 0 0 9 1 1 0 0 000 除雪請負
007 001 2018/12/28 01 00003 0001 1 1 010202   0014000002           2000140000029                                   1   1       0          1.00      1,000.00      1,000.00       1,000          0.00                   0           0           0           0 083          74 000          0.00          0.00           0         926 1 0 0 9 1 1 0 0 000 除雪請負
007 001 2018/12/28 01 00004 0001 1 1 010202   0014000002           2000140000029                                   1   1       0          1.00      1,000.00      1,000.00       1,000          0.00                   0           0           0           0 083          74 000          0.00          0.00           0         926 1 0 0 9 1 1 0 0 000 除雪請負
007 001 2018/12/28 01 00005 0001 2 1 010101   0011000005           2000110000059                                   1   1       0          1.00      1,000.00      1,000.00       1,000          0.00                   0           0           0           0 083          74 000          0.00          0.00           0         926 1 0 0 9 0 0 0 0 000 リフト券売上　ﾜｵﾝｶｰﾄﾞ/交通系
007 001 2018/12/28 01 00005 0001 1 1 010101   0011000005           2000110000059                                   1   1       0          1.00      1,000.00      1,000.00       1,000          0.00                   0           0           0           0 083          74 000          0.00          0.00           0         926 1 0 0 9 0 0 0 0 000 リフト券売上　ﾜｵﾝｶｰﾄﾞ/交通系
007 001 2018/12/28 01 00006 0001 2 1 010101   0011000005           2000110000059                                   1   1       0          1.00      1,000.00      1,000.00       1,000          0.00                   0           0           0           0 083          74 000          0.00          0.00           0         926 1 0 0 9 0 0 0 0 000 リフト券売上　ﾜｵﾝｶｰﾄﾞ/交通系
007 001 2018/12/28 01 00006 0001 1 1 010101   0011000005           2000110000059                                   1   1       0          1.00      1,000.00      1,000.00       1,000          0.00                   0           0           0           0 083          74 000          0.00          0.00           0         926 1 0 0 9 0 0 0 0 000 リフト券売上　ﾜｵﾝｶｰﾄﾞ/交通系
007 001 2018/12/28 01 00007 0001 2 1 010101   0011000005           2000110000059                                   1   1       0          1.00      1,000.00      1,000.00       1,000          0.00                   0           0           0           0 083          74 000          0.00          0.00           0         926 1 0 0 9 0 0 0 0 000 リフト券売上　ﾜｵﾝｶｰﾄﾞ/交通系
007 001 2018/12/28 01 00007 0001 1 1 010101   0011000005           2000110000059                                   1   1       0          1.00      1,000.00      1,000.00       1,000          0.00                   0           0           0           0 083          74 000          0.00          0.00           0         926 1 0 0 9 0 0 0 0 000 リフト券売上　ﾜｵﾝｶｰﾄﾞ/交通系
007 001 2018/12/28 01 00009 0001 1 1 010101   0011000015           2000110000158                                   1   1       0          1.00          0.00          0.00           0          0.00                   0           0           0           0 083           0 000          0.00          0.00           0           0 0 0 0 9 1 1 0 0 000 リフト券売上　i･JTBローソン
007 001 2018/12/28 01 00010 0001 1 1 010101   0000006556           2000000065564                                   1   1       0          1.00      4,400.00      4,400.00       4,400          0.00                   0           0      -4,350           0 083           3 001      4,400.00          0.00           0          46 0 0 0 9 1 1 0 0 000 500引　1日大人
007 001 2018/12/28 01 00010 0002 1 1 010101   0011000001           2000110000011                                   1   1       0          1.00          0.00          0.00           0          0.00                   0           0           0           0 083           0 000          0.00          0.00           0           0 0 0 0 9 0 0 0 0 000 リフト券売上　現金
007 001 2018/12/28 01 00010 0003 1 1 010101   0011000003           2000110000035                                   1   1       0          1.00          0.00          0.00           0          0.00                   0           0           0           0 083           0 000          0.00          0.00           0           0 0 0 0 9 0 0 0 0 000 リフト券売上　ｲｵﾝｸﾚｼﾞｯﾄｻｰﾋﾞｽ
007 001 2018/12/28 01 00010 0004 1 1 010101   0011000005           2000110000059                                   1   1       0          1.00          0.00          0.00           0          0.00                   0           0           0           0 083           0 000          0.00          0.00           0           0 0 0 0 9 0 0 0 0 000 リフト券売上　ﾜｵﾝｶｰﾄﾞ/交通系
007 001 2018/12/28 01 00010 0005 1 1 010101   0011000003           2000110000035                                   1   1       0          1.00          0.00          0.00           0          0.00                   0           0           0           0 083           0 000          0.00          0.00           0           0 0 0 0 9 0 0 0 0 000 リフト券売上　ｲｵﾝｸﾚｼﾞｯﾄｻｰﾋﾞｽ
007 001 2018/12/28 01 00010 0006 1 1 010101   0011000005           2000110000059                                   1   1       0          1.00          0.00          0.00           0          0.00                   0           0           0           0 083           0 000          0.00          0.00           0           0 0 0 0 9 0 0 0 0 000 リフト券売上　ﾜｵﾝｶｰﾄﾞ/交通系
007 001 2018/12/28 01 00010 0007 1 1 010101   0011000007           2000110000073                                   1   1       0          1.00          0.00          0.00           0          0.00                   0           0           0           0 083           0 000          0.00          0.00           0           0 0 0 0 9 0 0 0 0 000 リフト券売上　ｵﾘｵﾝﾂｱｰ
007 001 2018/12/28 01 00010 0008 1 1 010101   0011000015           2000110000158                                   1   1       0          1.00          0.00          0.00           0          0.00                   0           0           0           0 083           0 000          0.00          0.00           0           0 0 0 0 9 1 1 0 0 000 リフト券売上　i･JTBローソン
007 001 2018/12/28 01 00010 0009 1 1 010101   0011000003           2000110000035                                   1   1       0          1.00          0.00          0.00           0          0.00                   0           0           0           0 083           0 000          0.00          0.00           0           0 0 0 0 9 0 0 0 0 000 リフト券売上　ｲｵﾝｸﾚｼﾞｯﾄｻｰﾋﾞｽ
007 001 2018/12/28 01 00010 0010 1 1 010101   0000006556           2000000065564                                   1   1       0          1.00      4,400.00      4,400.00       4,400          0.00                   0           0      -4,350           0 083           4 001      4,400.00          0.00           0          46 0 0 0 9 1 1 0 0 000 500引　1日大人
007 001 2018/12/28 01 00010 0011 1 1 010101   0011000001           2000110000011                                   1   1       0          1.00          0.00          0.00           0          0.00                   0           0           0           0 083           0 000          0.00          0.00           0           0 0 0 0 9 0 0 0 0 000 リフト券売上　現金
007 001 2018/12/28 01 00010 0012 1 1 010101   0011000012           2000110000127                                   1   1       0          1.00          0.00          0.00           0          0.00                   0           0           0           0 083           0 000          0.00          0.00           0           0 0 0 0 9 0 0 0 0 000 リフト券売上　ＳＡ・ＰＡ販売券
007 001 2018/12/28 01 00010 0013 1 1 010101   0011000013           2000110000134                                   1   1       0          1.00          0.00          0.00           0          0.00                   0           0           0           0 083           0 000          0.00          0.00           0           0 0 0 0 9 0 0 0 0 000 リフト券売上　レッツ中央
007 001 2018/12/28 01 00010 0014 1 1 010101   0011000013           2000110000134                                   1   1       0          1.00          0.00          0.00           0          0.00                   0           0           0           0 083           0 000          0.00          0.00           0           0 0 0 0 9 0 0 0 0 000 リフト券売上　レッツ中央
007 001 2018/12/28 01 00010 0015 1 1 010101   0011000013           2000110000134                                   1   1       0          1.00          0.00          0.00           0          0.00                   0           0           0           0 083           0 000          0.00          0.00           0           0 0 0 0 9 0 0 0 0 000 リフト券売上　レッツ中央
007 001 2018/12/28 01 00010 0016 1 1 010101   0011000013           2000110000134                                   1   1       0          1.00          0.00          0.00           0          0.00                   0           0           0           0 083           0 000          0.00          0.00           0           0 0 0 0 9 0 0 0 0 000 リフト券売上　レッツ中央
007 001 2018/12/28 01 00019 0001 1 1 010101   0000006556           2000000065564                                   1   1       0          1.00      4,400.00      4,400.00       4,400          0.00                   0           0           0           0 083         326 001      4,400.00          0.00           0       4,074 0 0 0 9 1 1 0 0 000 500引　1日大人
007 001 2018/12/28 01 00019 0002 1 1 010101   0011100009           2000111000096                                   1   1       0          1.00      3,600.00      3,600.00       3,600          0.00                   0           0           0           0 083         267 000      3,600.00          0.00           0       3,333 0 0 0 9 0 0 0 0 000 中高生平日セット券
007 001 2018/12/28 01 00019 0003 1 1 010201   0014000001           2000140000012                                   1   1       0          1.00          0.00          0.00           0          0.00                   0           0           0           0 083           0 000          0.00          0.00           0           0 0 0 0 9 1 1 0 0 000 請負工事
007 001 2018/12/28 01 00020 0001 1 1 040201   0001000006           4933913002938                                   1   1       0          1.00      3,780.00      3,780.00       3,780          0.00                   0           0           0           0 083         280 000      3,780.00      1,400.00       1,400       2,100 0 0 0 9 0 0 0 0 000 ｵｰﾊﾞｸﾞﾗｽSS293
007 001 2018/12/28 01 00021 0001 1 1 010201   0014000001           2000140000012                                   1   1       0          1.00          0.00          0.00           0          0.00                   0           0           0           0 083           0 000          0.00          0.00           0           0 0 0 0 9 1 1 0 0 000 請負工事
007 001 2018/12/28 01 00022 0001 1 1 010301   0011500045           2000115000450                                   1   1       0          1.00        800.00        800.00         800          0.00                   0           0           0           0 083          59 000        800.00          0.00           0         741 0 0 0 9 0 0 0 0 000 タンデム券
007 001 2018/12/28 01 00023 0001 1 1 010101   0000006556           2000000065564                                   1   1       0          1.00      4,400.00      4,400.00       4,400          0.00                   0           0           0           0 083         326 001      4,400.00          0.00           0       4,074 0 0 0 9 1 1 0 0 000 500引　1日大人
007 001 2018/12/28 01 00024 0001 1 1 010101   0000006556           2000000065564                                   1   1       0          1.00      4,400.00      4,400.00       4,400          0.00                   0           0           0           0 083         326 001      4,400.00          0.00           0       4,074 0 0 0 9 1 1 0 0 000 500引　1日大人
007 001 2018/12/28 01 00025 0001 1 1 010101   0000006556           2000000065564                                   1   1       0          1.00      4,400.00      4,400.00       4,400          0.00                   0           0           0           0 083         326 001      4,400.00          0.00           0       4,074 0 0 0 9 1 1 0 0 000 500引　1日大人
007 001 2018/12/28 01 00026 0001 1 1 010101   0000006556           2000000065564                                   1   1       0          1.00      4,400.00      4,400.00       4,400          0.00                   0           0           0           0 083         326 001      4,400.00          0.00           0       4,074 0 0 0 9 1 1 0 0 000 500引　1日大人
007 001 2018/12/28 01 00027 0001 1 1 010101   0011000004           2000110000042                                   6   1       0          6.00      1,000.00      1,000.00       6,000          0.00                   0           0           0           0 083         444 000          0.00          0.00           0       5,556 1 0 0 9 0 0 0 0 000 リフト券売上　ﾜｵﾝｶｰﾄﾞ
007 001 2018/12/28 01 00030 0001 1 1 010101   0011000005           2000110000059                                   1   1       0          1.00      1,000.00      1,000.00       1,000          0.00                   0           0           0           0 083          74 000          0.00          0.00           0         926 1 0 0 9 0 0 0 0 000 リフト券売上　ﾜｵﾝｶｰﾄﾞ/交通系
007 001 2018/12/28 02 00008 0001 1 1 040201   0001000019           4933913031969                                  10   1       0         10.00      1,500.00      1,500.00      15,000          0.00                   0           0           0           0 082           0 000      1,500.00      1,500.00      15,000           0 0 0 0 9 1 1 1 1 000 Jrｺﾞｰｸﾞﾙ WG3196
007 001 2018/12/28 02 00017 0001 1 1          0000008000           4901750412562                                   1   1       0          1.00        500.00        500.00         500          0.00                   0           0           0           0 002           0 000        500.00        500.00         500           0 0 0 0 9 1 1 1 0 000  テスト８０００
007 001 2018/12/28 02 00018 0001 1 1          0000008000           4901750412562                                   1   1       0          1.00        500.00        500.00         500          0.00                   0           0           0           0 002           0 000        500.00        500.00         500           0 0 0 0 9 1 1 1 0 000  テスト８０００
007 001 2018/12/28 51 00012 0001 1            01                                                                   1   1       0          1.00        200.00        200.00         200          0.00                   0           0           0           0 000           0 000          0.00          0.00           0           0 0 0 0 9 1 1 1 0 000
007 001 2018/12/28 51 00013 0001 1            00                                                                   1   1       0          1.00        200.00        200.00         200          0.00                   0           0           0           0 000           0 000          0.00          0.00           0           0 0 0 0 9 1 1 1 0 000
007 001 2018/12/28 51 00014 0001 1            01                                                                   1   1       0          1.00        200.00        200.00         200          0.00                   0           0           0           0 000           0 000          0.00          0.00           0           0 0 0 0 9 1 1 1 0 000 ﾃｽﾄ
007 001 2018/12/28 52 00015 0001 1            01                                                                   1   1       0          1.00        600.00        600.00         600          0.00                   0           0           0           0 000           0 000          0.00          0.00           0           0 0 0 0 9 1 1 1 0 000 テスト
007 001 2018/12/28 59 00016 0001 1 1 01       59                                                                   1   1       0          1.00     10,000.00          0.00      10,000          0.00                   0           0           0           0 000           0 000          0.00          0.00           0           0 0 0 0 9 1 1 1 0 000
007 001 2018/12/28 59 00016 0002 1 1 01       65                                                                   1   1       0          1.00      5,000.00          0.00       5,000          0.00                   0           0           0           0 000           0 000          0.00          0.00           0           0 0 0 0 9 1 1 1 0 000
007 001 2018/12/28 59 00016 0003 1 1 01       68                                                                   1   1       0          1.00      2,000.00          0.00       2,000          0.00                   0           0           0           0 000           0 000          0.00          0.00           0           0 0 0 0 9 1 1 1 0 000
007 001 2018/12/28 59 00016 0004 1 1 01       69                                                                   1   1       0          1.00      1,000.00          0.00       1,000          0.00                   0           0           0           0 000           0 000          0.00          0.00           0           0 0 0 0 9 1 1 1 0 000
007 001 2018/12/28 59 00016 0005 1 1 01       75                                                                   1   1       0          1.00        500.00          0.00         500          0.00                   0           0           0           0 000           0 000          0.00          0.00           0           0 0 0 0 9 1 1 1 0 000
007 001 2018/12/28 59 00016 0006 1 1 01       79                                                                   1   1       0          1.00        100.00          0.00         100          0.00                   0           0           0           0 000           0 000          0.00          0.00           0           0 0 0 0 9 1 1 1 0 000
007 001 2018/12/28 59 00016 0007 1 1 01       85                                                                   1   1       0          1.00         50.00          0.00          50          0.00                   0           0           0           0 000           0 000          0.00          0.00           0           0 0 0 0 9 1 1 1 0 000
007 001 2018/12/28 59 00016 0008 1 1 01       89                                                                   1   1       0          1.00         10.00          0.00          10          0.00                   0           0           0           0 000           0 000          0.00          0.00           0           0 0 0 0 9 1 1 1 0 000
007 001 2018/12/28 59 00016 0009 1 1 01       95                                                                   1   1       0          1.00          5.00          0.00           5          0.00                   0           0           0           0 000           0 000          0.00          0.00           0           0 0 0 0 9 1 1 1 0 000
007 001 2018/12/28 59 00016 0010 1 1 01       99                                                                   1   1       0          1.00          1.00          0.00           1          0.00                   0           0           0           0 000           0 000          0.00          0.00           0           0 0 0 0 9 1 1 1 0 000
007 001 2018/12/28 59 00016 0011 1 1 05       00                                                                   1   1       0          1.00          0.00          0.00          20          0.00                   0           0           0           0 000           0 000          0.00          0.00           0           0 0 0 0 9 1 1 1 0 000
